timestamp,$65100 or above,$65200 or above,$65300 or above,$65400 or above,$65500 or above,$65600 or above,$65700 or above,$65800 or above,$65900 or above,$66000 or above,$66100 or above,$66200 or above,$66300 or above,$66400 or above,$66500 or above,$66600 or above,$66700 or above,$66800 or above,$66900 or above,$67000 or above,$67100 or above,$67200 or above,$67300 or above,$67400 or above,$67500 or above,$67600 or above,$67700 or above,$67800 or above,$67900 or above,$68000 or above,$68100 or above,$68200 or above,$68300 or above,$68400 or above,$68500 or above,$68600 or above,$68700 or above,$68800 or above,$68900 or above,$69000 or above,$69100 or above,$69200 or above,$69300 or above,$69400 or above,$69500 or above,$69600 or above,$69700 or above,$69800 or above,$69900 or above,$70000 or above,$70100 or above,$70200 or above,$70300 or above,$70400 or above,$70500 or above,$70600 or above,$70700 or above,$70800 or above,$70900 or above,$71000 or above,$71100 or above,$71200 or above,$71300 or above,$71400 or above,$71500 or above,$71600 or above,$71700 or above,$71800 or above,$71900 or above,$72000 or above,$72100 or above,$72200 or above,$72300 or above,$72400 or above,$72500 or above,$72600 or above,$72700 or above,$72800 or above,$72900 or above,$73000 or above,$73100 or above,$73200 or above,$73300 or above,$73400 or above,$73500 or above,$73600 or above,$73700 or above,$73800 or above,$73900 or above,$74000 or above,$74100 or above,$74200 or above,$74300 or above,$74400 or above,$74500 or above,$74600 or above,$74700 or above,$74800 or above,$74900 or above,$75000 or above,$75100 or above,$75200 or above,$75300 or above,$75400 or above,$75500 or above,$75600 or above,$75700 or above,$75800 or above,$75900 or above,$76000 or above,$76100 or above,$76200 or above,$76300 or above,$76400 or above,$76500 or above,$76600 or above,$76700 or above,$76800 or above,$76900 or above,$77000 or above,$77100 or above,$77200 or above,$77300 or above,$77400 or above,$77500 or above,$77600 or above,$77700 or above,$77800 or above,$77900 or above,$78000 or above,$78100 or above,$78200 or above,$78300 or above,$78400 or above,$78500 or above,$78600 or above,$78700 or above,$78800 or above,$78900 or above,$79000 or above,$79100 or above,$79200 or above,$79300 or above,$79400 or above,$79500 or above,$79600 or above,$79700 or above,$79800 or above,$79900 or above,$80000 or above,$80100 or above,$80200 or above,$80300 or above,$80400 or above,$80500 or above,$80600 or above,$80700 or above,$80800 or above,$80900 or above,$81000 or above,$81100 or above,$81200 or above,$81300 or above,$81400 or above,$81500 or above,$81600 or above,$81700 or above,$81800 or above,$81900 or above,$82000 or above,$82100 or above,$82200 or above,$82300 or above,$82400 or above,$82500 or above,$82600 or above,$82700 or above,$82800 or above,$82900 or above,$83000 or above,$83100 or above,$83200 or above,$83300 or above,$83400 or above,$83500 or above,$83600 or above,$83700 or above,$83800 or above
2026-04-17T11:01:00Z,,,,,,,,,,,,,,,,,,,,,,,,,,,,,,,,,,,,,,,,,,,,,,,,,,,,,,,,,,,,,,,,,,,,,,,,,,,,,,,,,,,,,,,,,,,,,,,,,,93.91,89.91,83.75,74.00,61.00,49.04,36.09,21.50,,11.59,,,,,,,,,3.00,,2.00,,,,,,,,,,,,,,,,,,,,,,,,,,,,,,,,,,,,,,,,,,,,,,,,,,,,,,,,,,,,,,,,,,,,,,
2026-04-17T11:02:00Z,,,,,,,,,,,,,,,,,,,,,,,,,,,,,,,,,,,,,,,,,,,,,,,,,,,,,,,,,,,,,,,,,,,,,,,,,,,,,,,,,,,,,,,,,,,,,99.00,,,,,93.91,89.04,85.00,77.00,62.46,51.36,37.89,26.00,,10.82,4.00,,,,,,,,3.00,,2.00,,,,,,,,,,,,,,,,,,,,,,,,,,,,,,,,,,,,,,,,,,,,,,,,,,,,,,,,,,,,,,,,,,,,,,
2026-04-17T11:03:00Z,,,,,,,,,,,,,,,,,,,,,,,,,,,,,,,,,,,,,,,,,,,,,,,,,,,,,,,,,,,,,,,,,,,,,,,,,,,,,,,,,,,,,,,,,,,,,99.00,,,,,93.67,92.55,85.68,76.00,66.03,52.71,40.90,25.96,16.77,11.22,6.98,,3.00,,,,,,3.00,,2.00,,,,,,,,,,,,,,,,,,,,,,,,,,,,,,,,,,,,,,,,,,,,,,,,,,,,,,,,,,,,,,,,,,,,,,
2026-04-17T11:04:00Z,,,,,,,,,,,,,,,,,,,,,,,,,,,,,,,,,,,,,,,,,,,,,,,,,,,,,,,,,,,,,,,,,,,,,,,,,,,,,,,,,,,,,,,,,,,,,98.00,,,,,96.97,92.55,90.00,85.58,72.46,60.59,42.36,29.93,20.01,10.33,7.00,5.00,4.00,,,,,,3.00,,2.00,,,,,,,,,,,,,,,,,,,,,,,,,,,,,,,,,,,,,,,,,,,,,,,,,,,,,,,,,,,,,,,,,,,,,,
2026-04-17T11:05:00Z,,,,,,,,,,,,,,,,,,,,,,,,,,,,,,,,,,,,,,,,,,,,,,,,,,,,,,,,,,,,,,,,,,,,,,,,,,,,,,,,,,,,,,,,,,,,,98.00,,,,,96.00,92.55,89.00,84.46,72.02,61.96,46.97,32.35,20.16,13.14,6.95,7.00,3.00,,,,,,3.00,,2.00,,,,,,,,,,,,,,,,,,,,,,,,,,,,,,,,,,,,,,,,,,,,,,,,,,,,,,,,,,,,,,,,,,,,,,
2026-04-17T11:06:00Z,,,,,,,,,,,,,,,,,,,,,,,,,,,,,,,,,,,,,,,,,,,,,,,,,,,,,,,,,,,,,,,,,,,,,,,,,,,,,,,,,,,,,,,,,,,,,98.00,,,,98.00,96.00,92.55,89.00,82.00,73.00,59.57,45.33,30.79,20.90,12.00,7.00,7.00,2.00,,,,,,3.00,,2.00,,,,,,,,,,,,,,,,,,,,,,,,,,,,,,,,,,,,,,,,,,,,,,,,,,,,,,,,,,,,,,,,,,,,,,
2026-04-17T11:07:00Z,,,,,,,,,,,,,,,,,,,,,,,,,,,,,,,,,,,,,,,,,,,,,,,,,,,,,,,,,,,,,,,,,,,,,,,,,,,,,,,,,,,,,,,,,,,,,98.00,,,,98.00,96.00,92.55,90.02,83.99,72.31,58.84,45.03,29.38,19.48,12.00,6.00,7.00,2.00,,1.00,1.00,,,3.00,,2.00,,20.00,,,,,,,,,,,,,,,,,,,,,,,,,,,,,,,,,,,,,,,,,,,,,,,,,,,,,,,,,,,,,,,,,,,,
2026-04-17T11:08:00Z,,,,99.00,,,,,,,,,,,,,,,,,,,,,,,,,,,,,,,,,,,,,,,,,,,,,,,,,,,,,,,,,,,,,,,,,,,,,,,,,,,,,,,,,,,,,,,,,98.00,,,,98.00,96.00,92.55,90.02,87.00,76.94,61.17,47.39,36.48,23.95,11.95,7.02,7.00,2.00,,1.00,1.00,,,3.00,,2.00,,20.00,,,,,,,,,,,,,,,,,,,,,,,,,,,,,,,,,,,,,,,,,,,,,,,,,,,,,,,,,,,,,,,,,,,,
2026-04-17T11:09:00Z,,,,99.00,,,,,,,,,,,,,,,,,,,,,,,,,,,,,,,,,,,,,,,,,,,,,,,,,,,,,,,,,,,,,,,,,,,,,,,,,,,,,,,,,,,,,,,,,99.00,,,,98.00,97.00,92.55,93.00,89.83,80.00,69.11,53.25,39.54,24.84,17.00,9.00,7.00,2.00,,1.00,1.00,,,3.00,,2.00,,20.00,,,,,,,,,,,,,,,,,,,,,,,,,,,,,,,,,,,,,,,,,,,,,,,,,,,,,,,,,,,,,,,,,,,,
2026-04-17T11:10:00Z,,,,99.00,,,,,,,,,,,,,,,,,,,,,,,,,,,,,,,,,,,,,,,,,,,,,,,,,,,,,,,,,,,,,,,,,,,,,,,,,,,,,,,,,,,,,,,,,99.00,,,,98.00,97.00,96.00,93.00,88.00,80.85,63.61,54.00,37.14,25.35,17.92,9.00,5.00,2.00,,1.00,1.00,,,3.00,,2.00,,20.00,,,,,,,,,,,,,,,,,,,,,,,,,,,,,,,,,,,,,,,,,,,,,,,,,,,,,,,,,,,,,,,,,,,,
2026-04-17T11:11:00Z,,,,99.00,,,,,,,,,,,,,,,,,,,,,,,,,,,,,,,,,,,,,,,,,,,,,,,,,,,,,,,,,,,,,,,,,,,,,,,,,,,,,,,,,,,,,,,,,99.00,99.00,,,98.00,97.00,94.00,93.00,88.00,77.00,62.02,51.02,37.99,21.72,15.00,9.00,6.00,2.00,,1.00,1.00,,,3.00,,2.00,,20.00,,,,,,,,,,,,,,,,,,,,,,,,,,,,,,,,,,,,,,,,,,,,,,,,,,,,,,,,,,,,,,,,,,,,
2026-04-17T11:12:00Z,,,,99.00,,,,,,,,,,,,,,,,,,,,,,,,,,,,,,,,,,,,,,,,,,,,,,,,,,,,,,,,,,,,,,,,,,,,,,,,,,,,,,,,,,,,,,,,,99.00,99.00,,,97.00,97.00,94.00,93.00,88.00,75.05,63.05,48.19,37.00,20.01,15.00,8.00,5.00,2.00,,1.00,1.00,,,3.00,,2.00,,20.00,,,,,,,,,,,,,,,,,,,,,,,,,,,,,,,,,,,,,,,,,,,,,,,,,,,,,,,,,,,,,,,,,,,,
2026-04-17T11:13:00Z,,,,99.00,,,,,,,,,,,,,,,,,,,,,,,,,,,,,,,,,,,,,,,,,,,,,,,,,,,,,,,,,,,,,,,,,,,,,,,,,,,,,,,,,,,,,,,,,99.00,99.00,,,97.00,97.00,94.00,91.01,88.00,74.84,60.00,45.75,30.94,19.00,11.00,6.46,4.00,2.00,,1.00,1.00,,,3.00,,2.00,,20.00,,,,,,,,,,,,,,,,,,,,,,,,,,,,,,,,,,,,,,,,,,,,,,,,,,,,,,,,,,,,,,,,,,,,
2026-04-17T11:14:00Z,,,,99.00,,,,,,,,,,,,,,,,,,,,,,,,,,,,,,,,,,,,,,,,,,,,,,,,,,,,,,,,,,,,,,,,,,,,,,,,,,,,,,,,,,,,,,,,,99.00,99.00,,,97.00,97.00,94.00,91.00,87.00,72.50,60.00,44.10,28.44,15.38,11.00,6.46,4.00,2.00,,1.00,1.00,,,3.00,,2.00,,20.00,,,,,,,,,,,,,,,,,,,,,,,,,,,,,,,,,,,,,,,,,,,,,,,,,,,,,,,,,,,,,,,,,,,,
2026-04-17T11:15:00Z,,,,99.00,,,,,,,,,,,,,,,,,,,,,,,,,,,,,,,,,,,,,,,,,,,,,,,,,,,,,,,,,,,,,,,,,,,,,,,,,,,,,,,,,,,,,,,,,99.00,99.00,,,97.00,97.00,94.00,91.00,87.00,77.00,61.27,45.89,31.24,18.00,11.00,6.46,4.00,3.00,,1.00,1.00,,,3.00,,2.00,,20.00,,,,,,,,,,,,,,,,,,,,,,,,,,,,,,,,,,,,,,,,,,,,,,,,,,,,,,,,,,,,,,,,,,,,
2026-04-17T11:16:00Z,,,,99.00,,,,,,,,,,,,,,,,,,,,,,,,,,,,,,,,,,,,,,,,,,,,,,,,,,,,,,,,,,,,,,,,,,,,,,,,,,,,,,,,,,,,,,,,,99.00,99.00,,,97.00,98.00,94.00,92.01,88.00,76.96,64.11,49.16,29.25,16.76,11.00,5.00,5.50,3.00,,1.00,1.00,,,1.00,,2.00,,20.00,,,,,,,,,,,,,,,,,,,,,,,,,,,,,,,,,,,,,,,,,,,,,,,,,,,,,,,,,,,,,,,,,,,,
2026-04-17T11:17:00Z,,,,99.00,,,,,,,,,,,,,,,,,,,,,,,,,,,,,,,,,,,,,,,,,,,,,,,,,,,,,,,,,,,,,,,,,,,,,,,,,,,,,,,,,,,,,,,,,99.00,99.00,,,97.00,98.00,95.00,93.00,89.03,79.03,64.04,50.19,35.97,20.79,12.43,7.98,5.43,3.00,,1.00,1.00,,,1.00,,2.00,,20.00,,,,,,,,,,,,,,,,,,,,,,,,,,,,,,,,,,,,,,,,,,,,,,,,,,,,,,,,,,,,,,,,,,,,
2026-04-17T11:18:00Z,,,,99.00,,,,,,,,,,,,,,,,,,,,,,,,,,,,,,,,,,,,,,,,,,,,,,,,,,,,,,,,,,,,,,,,,,,,,,,,,,,,,,,,,,,,,,,,,97.00,99.00,,,97.00,98.00,95.00,93.54,91.00,80.00,65.39,50.69,38.96,21.00,13.00,7.97,5.00,3.00,,1.00,3.00,,,1.00,,2.00,,20.00,,,,,,,,,,,,,,,,,,,,,,,,,,,,,,,,,,,,,,,,,,,,,,,,,,,,,,,,,,,,,,,,,,,,
2026-04-17T11:19:00Z,,,,99.00,,,,,,,,,,,,,,,,,,,,,,,,,,,,,,,,,,,,,,,,,,,,,,,,,,,,,,,,,,,,,,,,,,,,,,,,,,,,,,,,,,,,,,,,,97.00,99.00,,,97.00,98.00,95.00,93.54,91.00,80.99,67.59,56.62,47.82,28.32,18.00,9.25,6.00,3.00,,3.00,3.00,,,1.00,,2.00,,20.00,,,,,,,,,,,,,,,,,,,,,,,,,,,,,,,,,,,,,,,,,,,,,,,,,,,,,,,,,,,,,,,,,,,,
2026-04-17T11:20:00Z,,,,99.00,,,,,,,,,,,,,,,,,,,,,,,,,,,,,,,,,,,,,,,,,,,,,,,,,,,,,,,,,,,,,,,,,,,,,,,,,,,,,,,,,,,,,,,,,99.00,99.00,,,97.00,98.00,95.00,96.00,91.00,84.78,72.51,60.13,44.93,31.04,20.00,8.00,6.82,4.00,3.00,3.00,3.00,,,1.00,,2.00,,20.00,,,,,,,,,,,,,,,,,,,,,,,,,,,,,,,,,,,,,,,,,,,,,,,,,,,,,,,,,,,,,,,,,,,,
2026-04-17T11:21:00Z,,,,99.00,,,,,,,,,,,,,,,,,,,,,,,,,,,,,,,,,,,,,,,,,,,,,,,,,,,,,,,,,,,,,,,,,,,,,,,,,,,,,,,,,,,,,,,,,99.00,99.00,99.00,,97.00,98.00,96.00,96.00,90.03,82.00,67.36,55.61,39.12,27.00,14.44,7.00,6.82,4.00,3.00,3.00,3.00,,,1.00,,2.00,,20.00,,,,,,,,,,,,,,,,,,,,,,,,,,,,,,,,,,,,,,,,,,,,,,,,,,,,,,,,,,,,,,,,,,,,
2026-04-17T11:22:00Z,,,,99.00,,,,,,,,,,,,,,,,,,,,,,,,,,,,,,,,,,,,,,,,,,,,,,,,,,,,,,,,,,,,,,,,,,,,,,,,,,,,,,,,,,,,,,,,,99.00,99.00,99.00,,97.00,98.00,96.04,96.00,93.42,86.11,76.00,61.10,49.10,28.85,18.44,10.62,4.71,4.00,3.00,3.00,4.00,,,1.00,,2.00,,20.00,,,,,,,,,,,,,,,,,,,,,,,,,,,,,,,,,,,,,,,,,,,,,,,,,,,,,,,,,,,,,,,,,,,,
2026-04-17T11:23:00Z,,,,99.00,,,,,,,,,,,,,,,,,,,,,,,,,,,,,,,,,,,,,,,,,,,,,,,,,,,,,,,,,,,,,,,,,,,,,,,,,,,,,,,,,,,,,,,,,99.00,99.00,99.00,,97.00,98.00,98.00,97.00,95.00,86.11,78.41,65.23,50.99,31.36,17.75,10.62,6.00,4.00,3.00,3.00,4.00,,,1.00,,2.00,,20.00,,,,,,,,,,,,,,,,,,,,,,,,,,,,,,,,,,,,,,,,,,,,,,,,,,,,,,,,,,,,,,,,,,,,
2026-04-17T11:24:00Z,,,,99.00,,,,,,,,,,,,,,,,,,,,,,,,,,,,,,,,,,,,,,,,,,,,,,,,,,,,,,,,,,,,,,,,,,,,,,,,,,,,,,,,,,,,,,,,,99.00,99.00,99.00,,97.00,98.00,98.00,97.00,95.00,88.54,78.00,64.94,50.86,29.91,16.60,10.62,6.00,4.00,3.00,3.00,4.00,,,1.00,,2.00,,20.00,,,,,,,,,,,,,,,,,,,,,,,,,,,,,,,,,,,,,,,,,,,,,,,,,,,,,,,,,,,,,,,,,,,,
2026-04-17T11:25:00Z,,,,99.00,,,,,,,,,,,,,,,,,,,,,,,,,,,,,,,,,,,,,,,,,,,,,,,,,,,,,,,,,,,,,,,,,,,,,,,,,,,,,,,,,,,,,,,,,99.00,99.00,99.00,,97.00,98.00,98.00,97.00,95.00,90.00,78.01,63.31,50.42,29.31,17.00,10.62,6.00,4.00,3.00,3.00,4.00,,,1.00,,2.00,,20.00,,,,,,,,,,,,,,,,,,,,,,,,,,,,,,,,,,,,,,,,,,,,,,,,,,,,,,,,,,,,,,,,,,,,
2026-04-17T11:26:00Z,,,,99.00,,,,,,,,,,,,,,,,,,,,,,,,,,,,,,,,,,,,,,,,,,,,,,,,,,,,,,,,,,,,,,,,,,,,,,,,,,,,,,,,,,,,,,,,,99.00,99.00,99.00,,97.00,98.00,98.00,97.00,96.48,90.62,80.00,64.70,52.23,29.87,18.69,8.91,6.00,4.00,3.00,3.00,4.00,,,1.00,,2.00,,20.00,,,,,,,,,,,,,,,,,,,,,,,,,,,,,,,,,,,,,,,,,,,,,,,,,,,,,,,,,,,,,,,,,,,,
2026-04-17T11:27:00Z,,,,99.00,,,,,,,,,,,,,,,,,,,,,,,,,,,,,,,,,,,,,,,,,,,,,,,,,,,,,,,,,,,,,,,,,,,,,,,,,,,,,,,,,,,,,,,,,99.00,99.00,99.00,,97.00,98.00,98.00,97.00,96.48,90.62,80.00,64.70,52.23,29.87,18.69,8.91,6.00,4.00,3.00,3.00,4.00,,,1.00,,2.00,,20.00,,,,,,,,,,,,,,,,,,,,,,,,,,,,,,,,,,,,,,,,,,,,,,,,,,,,,,,,,,,,,,,,,,,,
2026-04-17T11:28:00Z,,,,99.00,,,,,,,,,,,,,,,,,,,,,,,,,,,,,,,,,,,,,,,,,,,,,,,,,,,,,,,,,,,,,,,,,,,,,,,,,,,,,,,,,,,,,,,,,99.00,99.00,99.00,,97.00,98.00,98.00,97.00,96.48,90.62,80.00,64.70,52.23,29.87,18.69,8.91,6.00,4.00,3.00,3.00,4.00,,,1.00,,2.00,,20.00,,,,,,,,,,,,,,,,,,,,,,,,,,,,,,,,,,,,,,,,,,,,,,,,,,,,,,,,,,,,,,,,,,,,
2026-04-17T11:29:00Z,,,,99.00,,,,,,,,,,,,,,,,,,,,,,,,,,,,,,,,,,,,,,,,,,,,,,,,,,,,,,,,,,,,,,,,,,,,,,,,,,,,,,,,,,,,,,,,,99.00,99.00,99.00,,97.00,98.00,98.00,97.00,96.48,90.62,80.00,64.70,52.23,29.87,18.69,8.91,6.00,4.00,3.00,3.00,4.00,,,1.00,,2.00,,20.00,,,,,,,,,,,,,,,,,,,,,,,,,,,,,,,,,,,,,,,,,,,,,,,,,,,,,,,,,,,,,,,,,,,,
2026-04-17T11:30:00Z,,,,99.00,,,,,,,,,,,,,,,,,,,,,,,,,,,,,,,,,,,,,,,,,,,,,,,,,,,,,,,,,,,,,,,,,,,,,,,,,,,,,,,,,,,,,,,,,99.00,99.00,99.00,,97.00,98.00,98.00,97.00,96.48,90.62,80.00,64.70,52.23,29.87,18.69,8.91,6.00,4.00,3.00,3.00,4.00,,,1.00,,2.00,,20.00,,,,,,,,,,,,,,,,,,,,,,,,,,,,,,,,,,,,,,,,,,,,,,,,,,,,,,,,,,,,,,,,,,,,
2026-04-17T11:31:00Z,,,,99.00,,,,,,,,,,,,,,,,,,,,,,,,,,,,,,,,,,,,,,,,,,,,,,,,,,,,,,,,,,,,,,,,,,,,,,,,,,,,,,,,,,,,,,,,,99.00,99.00,99.00,,97.00,98.00,98.00,97.00,96.48,90.62,80.00,64.70,52.23,29.87,18.69,8.91,6.00,4.00,3.00,3.00,4.00,,,1.00,,2.00,,20.00,,,,,,,,,,,,,,,,,,,,,,,,,,,,,,,,,,,,,,,,,,,,,,,,,,,,,,,,,,,,,,,,,,,,
2026-04-17T11:32:00Z,,,,99.00,,,,,,,,,,,,,,,,,,,,,,,,,,,,,,,,,,,,,,,,,,,,,,,,,,,,,,,,,,,,,,,,,,,,,,,,,,,,,,,,,,,,,,,,,99.00,99.00,99.00,,97.00,98.00,98.00,97.00,96.48,90.62,80.00,64.70,52.23,29.87,18.69,8.91,6.00,4.00,3.00,3.00,4.00,,,1.00,,2.00,,20.00,,,,,,,,,,,,,,,,,,,,,,,,,,,,,,,,,,,,,,,,,,,,,,,,,,,,,,,,,,,,,,,,,,,,
2026-04-17T11:33:00Z,,,,99.00,,,,,,,,,,,,,,,,,,,,,,,,,,,,,,,,,,,,,,,,,,,,,,,,,,,,,,,,,,,,,,,,,,,,,,,,,,,,,,,,,,,,,,,,,99.00,99.00,99.00,,97.00,98.00,98.00,97.00,96.48,90.62,80.00,64.70,52.23,29.87,18.69,8.91,6.00,4.00,3.00,3.00,4.00,,,1.00,,2.00,,20.00,,,,,,,,,,,,,,,,,,,,,,,,,,,,,,,,,,,,,,,,,,,,,,,,,,,,,,,,,,,,,,,,,,,,
2026-04-17T11:34:00Z,,,,99.00,,,,,,,,,,,,,,,,,,,,,,,,,,,,,,,,,,,,,,,,,,,,,,,,,,,,,,,,,,,,,,,,,,,,,,,,,,,,,,,,,,,,,,,,,99.00,99.00,99.00,,97.00,98.00,98.00,97.00,96.48,90.62,80.00,64.70,52.23,29.87,18.69,8.91,6.00,4.00,3.00,3.00,4.00,,,1.00,,2.00,,20.00,,,,,,,,,,,,,,,,,,,,,,,,,,,,,,,,,,,,,,,,,,,,,,,,,,,,,,,,,,,,,,,,,,,,
2026-04-17T11:35:00Z,,,,99.00,,,,,,,,,,,,,,,,,,,,,,,,,,,,,,,,,,,,,,,,,,,,,,,,,,,,,,,,,,,,,,,,,,,,,,,,,,,,,,,,,,,,,,,,,99.00,99.00,99.00,,97.00,98.00,98.00,97.00,96.48,90.62,80.00,64.70,52.23,29.87,18.69,8.91,6.00,4.00,3.00,3.00,4.00,,,1.00,,2.00,,20.00,,,,,,,,,,,,,,,,,,,,,,,,,,,,,,,,,,,,,,,,,,,,,,,,,,,,,,,,,,,,,,,,,,,,
2026-04-17T11:36:00Z,,,,99.00,,,,,,,,,,,,,,,,,,,,,,,,,,,,,,,,,,,,,,,,,,,,,,,,,,,,,,,,,,,,,,,,,,,,,,,,,,,,,,,,,,,,,,,,,99.00,99.00,99.00,,97.00,98.00,98.00,97.00,96.48,90.62,80.00,64.70,52.23,29.87,18.69,8.91,6.00,4.00,3.00,3.00,4.00,,,1.00,,2.00,,20.00,,,,,,,,,,,,,,,,,,,,,,,,,,,,,,,,,,,,,,,,,,,,,,,,,,,,,,,,,,,,,,,,,,,,
2026-04-17T11:37:00Z,,,,99.00,,,,,,,,,,,,,,,,,,,,,,,,,,,,,,,,,,,,,,,,,,,,,,,,,,,,,,,,,,,,,,,,,,,,,,,,,,,,,,,,,,,,,,,,,99.00,99.00,99.00,,97.00,98.00,98.00,97.00,96.48,90.62,80.00,64.70,52.23,29.87,18.69,8.91,6.00,4.00,3.00,3.00,4.00,,,1.00,,2.00,,20.00,,,,,,,,,,,,,,,,,,,,,,,,,,,,,,,,,,,,,,,,,,,,,,,,,,,,,,,,,,,,,,,,,,,,
2026-04-17T11:38:00Z,,,,99.00,,,,,,,,,,,,,,,,,,,,,,,,,,,,,,,,,,,,,,,,,,,,,,,,,,,,,,,,,,,,,,,,,,,,,,,,,,,,,,,,,,,,,,,,,99.00,99.00,99.00,,97.00,98.00,98.00,97.00,96.48,90.62,80.00,64.70,52.23,29.87,18.69,8.91,6.00,4.00,3.00,3.00,4.00,,,1.00,,2.00,,20.00,,,,,,,,,,,,,,,,,,,,,,,,,,,,,,,,,,,,,,,,,,,,,,,,,,,,,,,,,,,,,,,,,,,,
2026-04-17T11:39:00Z,,,,99.00,,,,,,,,,,,,,,,,,,,,,,,,,,,,,,,,,,,,,,,,,,,,,,,,,,,,,,,,,,,,,,,,,,,,,,,,,,,,,,,,,,,,,,,,,99.00,99.00,99.00,,97.00,98.00,98.00,97.00,96.48,90.62,80.00,64.70,52.23,29.87,18.69,8.91,6.00,4.00,3.00,3.00,4.00,,,1.00,,2.00,,20.00,,,,,,,,,,,,,,,,,,,,,,,,,,,,,,,,,,,,,,,,,,,,,,,,,,,,,,,,,,,,,,,,,,,,
2026-04-17T11:40:00Z,,,,99.00,,,,,,,,,,,,,,,,,,,,,,,,,,,,,,,,,,,,,,,,,,,,,,,,,,,,,,,,,,,,,,,,,,,,,,,,,,,,,,,,,,,,,,,,,99.00,99.00,99.00,,97.00,98.00,98.00,97.00,96.48,90.62,80.00,64.70,52.23,29.87,18.69,8.91,6.00,4.00,3.00,3.00,4.00,,,1.00,,2.00,,20.00,,,,,,,,,,,,,,,,,,,,,,,,,,,,,,,,,,,,,,,,,,,,,,,,,,,,,,,,,,,,,,,,,,,,
2026-04-17T11:41:00Z,,,,99.00,,,,,,,,,,,,,,,,,,,,,,,,,,,,,,,,,,,,,,,,,,,,,,,,,,,,,,,,,,,,,,,,,,,,,,,,,,,,,,,,,,,,,,,,,99.00,99.00,99.00,,97.00,98.00,98.00,97.00,96.48,90.62,80.00,64.70,52.23,29.87,18.69,8.91,6.00,4.00,3.00,3.00,4.00,,,1.00,,2.00,,20.00,,,,,,,,,,,,,,,,,,,,,,,,,,,,,,,,,,,,,,,,,,,,,,,,,,,,,,,,,,,,,,,,,,,,
2026-04-17T11:42:00Z,,,,99.00,,,,,,,,,,,,,,,,,,,,,,,,,,,,,,,,,,,,,,,,,,,,,,,,,,,,,,,,,,,,,,,,,,,,,,,,,,,,,,,,,,,,,,,,,99.00,99.00,99.00,,97.00,98.00,98.00,97.00,96.48,90.62,80.00,64.70,52.23,29.87,18.69,8.91,6.00,4.00,3.00,3.00,4.00,,,1.00,,2.00,,20.00,,,,,,,,,,,,,,,,,,,,,,,,,,,,,,,,,,,,,,,,,,,,,,,,,,,,,,,,,,,,,,,,,,,,
2026-04-17T11:43:00Z,,,,99.00,,,,,,,,,,,,,,,,,,,,,,,,,,,,,,,,,,,,,,,,,,,,,,,,,,,,,,,,,,,,,,,,,,,,,,,,,,,,,,,,,,,,,,,,,99.00,99.00,99.00,,97.00,98.00,98.00,97.00,96.48,90.62,80.00,64.70,52.23,29.87,18.69,8.91,6.00,4.00,3.00,3.00,4.00,,,1.00,,2.00,,20.00,,,,,,,,,,,,,,,,,,,,,,,,,,,,,,,,,,,,,,,,,,,,,,,,,,,,,,,,,,,,,,,,,,,,
2026-04-17T11:44:00Z,,,,99.00,,,,,,,,,,,,,,,,,,,,,,,,,,,,,,,,,,,,,,,,,,,,,,,,,,,,,,,,,,,,,,,,,,,,,,,,,,,,,,,,,,,,,,,,,99.00,99.00,99.00,,97.00,98.00,98.00,97.00,96.48,90.62,80.00,64.70,52.23,29.87,18.69,8.91,6.00,4.00,3.00,3.00,4.00,,,1.00,,2.00,,20.00,,,,,,,,,,,,,,,,,,,,,,,,,,,,,,,,,,,,,,,,,,,,,,,,,,,,,,,,,,,,,,,,,,,,
2026-04-17T11:45:00Z,,,,99.00,,,,,,,,,,,,,,,,,,,,,,,,,,,,,,,,,,,,,,,,,,,,,,,,,,,,,,,,,,,,,,,,,,,,,,,,,,,,,,,,,,,,,,,,,99.00,99.00,99.00,,97.00,98.00,98.00,97.00,96.48,90.62,80.00,64.70,52.23,29.87,18.69,8.91,6.00,4.00,3.00,3.00,4.00,,,1.00,,2.00,,20.00,,,,,,,,,,,,,,,,,,,,,,,,,,,,,,,,,,,,,,,,,,,,,,,,,,,,,,,,,,,,,,,,,,,,
2026-04-17T11:46:00Z,,,,99.00,,,,,,,,,,,,,,,,,,,,,,,,,,,,,,,,,,,,,,,,,,,,,,,,,,,,,,,,,,,,,,,,,,,,,,,,,,,,,,,,,,,,,,,,,99.00,99.00,99.00,,97.00,98.00,98.00,97.00,96.48,90.62,80.00,64.70,52.23,29.87,18.69,8.91,6.00,4.00,3.00,3.00,4.00,,,1.00,,2.00,,20.00,,,,,,,,,,,,,,,,,,,,,,,,,,,,,,,,,,,,,,,,,,,,,,,,,,,,,,,,,,,,,,,,,,,,
2026-04-17T11:47:00Z,,,,99.00,,,,,,,,,,,,,,,,,,,,,,,,,,,,,,,,,,,,,,,,,,,,,,,,,,,,,,,,,,,,,,,,,,,,,,,,,,,,,,,,,,,,,,,,,99.00,99.00,99.00,,97.00,98.00,98.00,97.00,96.48,90.62,80.00,64.70,52.23,29.87,18.69,8.91,6.00,4.00,3.00,3.00,4.00,,,1.00,,2.00,,20.00,,,,,,,,,,,,,,,,,,,,,,,,,,,,,,,,,,,,,,,,,,,,,,,,,,,,,,,,,,,,,,,,,,,,
2026-04-17T11:48:00Z,,,,99.00,,,,,,,,,,,,,,,,,,,,,,,,,,,,,,,,,,,,,,,,,,,,,,,,,,,,,,,,,,,,,,,,,,,,,,,,,,,,,,,,,,,,,,,,,99.00,99.00,99.00,,97.00,98.00,98.00,97.00,96.48,90.62,80.00,64.70,52.23,29.87,18.69,8.91,6.00,4.00,3.00,3.00,4.00,,,1.00,,2.00,,20.00,,,,,,,,,,,,,,,,,,,,,,,,,,,,,,,,,,,,,,,,,,,,,,,,,,,,,,,,,,,,,,,,,,,,
2026-04-17T11:49:00Z,,,,99.00,,,,,,,,,,,,,,,,,,,,,,,,,,,,,,,,,,,,,,,,,,,,,,,,,,,,,,,,,,,,,,,,,,,,,,,,,,,,,,,,,,,,,,,,,99.00,99.00,99.00,,97.00,98.00,98.00,97.00,96.48,90.62,80.00,64.70,52.23,29.87,18.69,8.91,6.00,4.00,3.00,3.00,4.00,,,1.00,,2.00,,20.00,,,,,,,,,,,,,,,,,,,,,,,,,,,,,,,,,,,,,,,,,,,,,,,,,,,,,,,,,,,,,,,,,,,,
2026-04-17T11:50:00Z,,,,99.00,,,,,,,,,,,,,,,,,,,,,,,,,,,,,,,,,,,,,,,,,,,,,,,,,,,,,,,,,,,,,,,,,,,,,,,,,,,,,,,,,,,,,,,,,99.00,99.00,99.00,,97.00,98.00,98.00,97.00,96.48,90.62,80.00,64.70,52.23,29.87,18.69,8.91,6.00,4.00,3.00,3.00,4.00,,,1.00,,2.00,,20.00,,,,,,,,,,,,,,,,,,,,,,,,,,,,,,,,,,,,,,,,,,,,,,,,,,,,,,,,,,,,,,,,,,,,
2026-04-17T11:51:00Z,,,,99.00,,,,,,,,,,,,,,,,,,,,,,,,,,,,,,,,,,,,,,,,,,,,,,,,,,,,,,,,,,,,,,,,,,,,,,,,,,,,,,,,,,,,,,,,,99.00,99.00,99.00,,97.00,98.00,98.00,97.00,96.48,90.62,80.00,64.70,52.23,29.87,18.69,8.91,6.00,4.00,3.00,3.00,4.00,,,1.00,,2.00,,20.00,,,,,,,,,,,,,,,,,,,,,,,,,,,,,,,,,,,,,,,,,,,,,,,,,,,,,,,,,,,,,,,,,,,,
2026-04-17T11:52:00Z,,,,99.00,,,,,,,,,,,,,,,,,,,,,,,,,,,,,,,,,,,,,,,,,,,,,,,,,,,,,,,,,,,,,,,,,,,,,,,,,,,,,,,,,,,,,,,,,99.00,99.00,99.00,,97.00,98.00,98.00,97.00,96.48,90.62,80.00,64.70,52.23,29.87,18.69,8.91,6.00,4.00,3.00,3.00,4.00,,,1.00,,2.00,,20.00,,,,,,,,,,,,,,,,,,,,,,,,,,,,,,,,,,,,,,,,,,,,,,,,,,,,,,,,,,,,,,,,,,,,
2026-04-17T11:53:00Z,,,,99.00,,,,,,,,,,,,,,,,,,,,,,,,,,,,,,,,,,,,,,,,,,,,,,,,,,,,,,,,,,,,,,,,,,,,,,,,,,,,,,,,,,,,,,,,,99.00,99.00,99.00,,97.00,98.00,98.00,97.00,96.48,90.62,80.00,64.70,52.23,29.87,18.69,8.91,6.00,4.00,3.00,3.00,4.00,,,1.00,,2.00,,20.00,,,,,,,,,,,,,,,,,,,,,,,,,,,,,,,,,,,,,,,,,,,,,,,,,,,,,,,,,,,,,,,,,,,,
2026-04-17T11:54:00Z,,,,99.00,,,,,,,,,,,,,,,,,,,,,,,,,,,,,,,,,,,,,,,,,,,,,,,,,,,,,,,,,,,,,,,,,,,,,,,,,,,,,,,,,,,,,,,,,99.00,99.00,99.00,,97.00,98.00,98.00,97.00,96.48,90.62,80.00,64.70,52.23,29.87,18.69,8.91,6.00,4.00,3.00,3.00,4.00,,,1.00,,2.00,,20.00,,,,,,,,,,,,,,,,,,,,,,,,,,,,,,,,,,,,,,,,,,,,,,,,,,,,,,,,,,,,,,,,,,,,
2026-04-17T11:55:00Z,,,,99.00,,,,,,,,,,,,,,,,,,,,,,,,,,,,,,,,,,,,,,,,,,,,,,,,,,,,,,,,,,,,,,,,,,,,,,,,,,,,,,,,,,,,,,,,,99.00,99.00,99.00,,97.00,98.00,98.00,97.00,96.48,90.62,80.00,64.70,52.23,29.87,18.69,8.91,6.00,4.00,3.00,3.00,4.00,,,1.00,,2.00,,20.00,,,,,,,,,,,,,,,,,,,,,,,,,,,,,,,,,,,,,,,,,,,,,,,,,,,,,,,,,,,,,,,,,,,,
2026-04-17T11:56:00Z,,,,99.00,,,,,,,,,,,,,,,,,,,,,,,,,,,,,,,,,,,,,,,,,,,,,,,,,,,,,,,,,,,,,,,,,,,,,,,,,,,,,,,,,,,,,,,,,99.00,99.00,99.00,,97.00,98.00,98.00,97.00,96.48,90.62,80.00,64.70,52.23,29.87,18.69,8.91,6.00,4.00,3.00,3.00,4.00,,,1.00,,2.00,,20.00,,,,,,,,,,,,,,,,,,,,,,,,,,,,,,,,,,,,,,,,,,,,,,,,,,,,,,,,,,,,,,,,,,,,
2026-04-17T11:57:00Z,,,,99.00,,,,,,,,,,,,,,,,,,,,,,,,,,,,,,,,,,,,,,,,,,,,,,,,,,,,,,,,,,,,,,,,,,,,,,,,,,,,,,,,,,,,,,,,,99.00,99.00,99.00,,97.00,98.00,98.00,97.00,96.48,90.62,80.00,64.70,52.23,29.87,18.69,8.91,6.00,4.00,3.00,3.00,4.00,,,1.00,,2.00,,20.00,,,,,,,,,,,,,,,,,,,,,,,,,,,,,,,,,,,,,,,,,,,,,,,,,,,,,,,,,,,,,,,,,,,,
2026-04-17T11:58:00Z,,,,99.00,,,,,,,,,,,,,,,,,,,,,,,,,,,,,,,,,,,,,,,,,,,,,,,,,,,,,,,,,,,,,,,,,,,,,,,,,,,,,,,,,,,,,,,,,99.00,99.00,99.00,,97.00,98.00,98.00,97.00,96.48,90.62,80.00,64.70,52.23,29.87,18.69,8.91,6.00,4.00,3.00,3.00,4.00,,,1.00,,2.00,,20.00,,,,,,,,,,,,,,,,,,,,,,,,,,,,,,,,,,,,,,,,,,,,,,,,,,,,,,,,,,,,,,,,,,,,
2026-04-17T11:59:00Z,,,,99.00,,,,,,,,,,,,,,,,,,,,,,,,,,,,,,,,,,,,,,,,,,,,,,,,,,,,,,,,,,,,,,,,,,,,,,,,,,,,,,,,,,,,,,,,,99.00,99.00,99.00,,97.00,98.00,98.00,97.00,96.48,90.62,80.00,64.70,52.23,29.87,18.69,8.91,6.00,4.00,3.00,3.00,4.00,,,1.00,,2.00,,20.00,,,,,,,,,,,,,,,,,,,,,,,,,,,,,,,,,,,,,,,,,,,,,,,,,,,,,,,,,,,,,,,,,,,,
2026-04-17T12:00:00Z,,,,99.00,,,,,,,,,,,,,,,,,,,,,,,,,,,,,,,,,,,,,,,,,,,,,,,,,,,,,,,,,,,,,,,,,,,,,,,,,,,,,,,,,,,,,,,,,99.00,99.00,99.00,,97.00,98.00,98.00,97.00,96.48,90.62,80.00,64.70,52.23,29.87,18.69,8.91,6.00,4.00,3.00,3.00,4.00,,,1.00,,2.00,,20.00,,,,,,,,,,,,,,,,,,,,,,,,,,,,,,,,,,,,,,,,,,,,,,,,,,,,,,,,,,,,,,,,,,,,
